0000000001011010 
0000000100100011 
0000000111100100 
0000001001000111 
0000001100110001 
0000001110110100 
0000001111110111 
0000001111111110 
0000010000000000 
0000001111110010 
0000001111111101 
0000001101100000 
0000001100000010 
0000001000111000 
0000000101011101 
0000000011001101 
1111111111001011 
1111111100010110 
1111111010011100 
1111110111100111 
1111110100001010 
1111110011001100 
1111110001001110 
1111110000010111 
1111110000111011 
1111110001100100 
1111110010011011 
1111110100110100 
1111110110011111 
1111111000110000 
1111111011110111 
1111111111001000 
